2023-12-12-17:33:23best 133407489 133582611 133500136 133582631 133479561 133582527 133665091 133582525 133603241 133613451
2023-12-12-17:33:23best 133572573 133428353 133675543 133562350 133541586 133593068 133644642 133531298 133593001 133624137
2023-12-12-17:34:06best 133479699 133428247 133551817 133459055 133490117 133500270 133448774 133520962 133541681 133459274
2023-12-12-17:34:06best 133489881 133561819 133592818 133489798 133520768 133541408 133479450 133458918 133510400 133520707
2023-12-12-17:34:31best 133562118 133469539 133490163 133706571 133510701 133469496 133469605 133541639 133624090 133593109
2023-12-12-17:34:31best 133479697 182097108 133562080 133551891 134674898 133613725 133634358 133520930 133582831 133562269
2023-12-12-17:34:41best 133500101 133531028 133459109 133500222 133603290 133510211 133479615 133438245 133582530 133561928
2023-12-12-17:34:44best 133407348 133541351 133654519 133510331 133479472 133510531 133551618 133551582 133551690 133427921
2023-12-12-17:35:09best 133572162 133417503 133551534 133479372 133572141 133541346 133427796 133551453 133603174 133592888
2023-12-12-17:35:11best 133469259 133530983 174863775 133510263 133500057 133458941 133489786 133592829 133479510 133531115
2023-12-12-17:35:36best 133510638 133541510 133531342 133541538 133500354 133644553 133551882 133541587 133613726 133551858
2023-12-12-17:35:38best 133490063 133634257 133562158 133510578 133623955 133521097 133727013 133469514 133438525 133603448
2023-12-12-17:36:06best 133490040 133438462 133407609 133448865 133541638 133438455 133572389 133438400 152876725 133582710
2023-12-12-17:36:06best 133438269 133572211 133530931 133603229 133634069 133417579 133613466 133582503 133500096 133500140
2023-12-12-17:36:34best 133500317 229987158 303681495 229842996 303032118 228369481 305247533 228503587 305072397 228606442
2023-12-12-17:36:34best 303526915 230224274 303372475 227163962 302630103 226741593 305680224 227957403
2023-12-12-17:37:21best 133633998 237950887 133603126 133592717 133489817 133541216 133561791 133458979 133530949 133407303
2023-12-12-17:37:28best 133664901 230975771 302691649 230975752 302742926 230924178 302784465 229224325 304432912 229234423
2023-12-12-17:37:52best 229450954 303299422 230378312 303299912 230357876 303300113 230378426 302423664 230676933 302423971
2023-12-12-17:38:22best 133500543 133562334 133500209 133696083 133665221 133490017 133551920 133613811 133490091 133520878
2023-12-12-17:38:50best 133459163 133490093 133531413 133572410 133510638 133582733 133572396 133778519 133696060 133675653
2023-12-12-17:38:52best 229595374 301599873 231738747 301919299 231254547 302414232 230183138 303393315 230275938 303403062
2023-12-12-17:39:20best 302764013 229780792 300590115 228091059 301651439 230378478 303309798 230378241 303392323 230275510
2023-12-12-17:39:52best 303392753 230275240 303403049 230265153 303464404 230192908 303505451 229389267 304299115 229358213
2023-12-12-17:40:20best 303979555 229677500 304010713 229677738 304031164
2023-12-12-17:40:51best 229657105 304010382 229646905 302856653 230800661
2023-12-12-17:40:52best 229853273 303804946 227339318 304279377 229379472 301559041 227555783 301754572 231903620 301754775
2023-12-12-17:41:19best 231913881 301785790 231584362 302115804 231553539 302105556 231306273
2023-12-12-17:41:50best 302125660 230852754 302176995 231512283 302156708
2023-12-12-17:41:59best 230769998 302918861 230759665 303186314 230501997 303165419 230512325 303145085 230522631 299776473
2023-12-12-17:42:20best 231367818 300126393 230677201 300383871
2023-12-12-17:42:43best 232418341 301248950 232407920 301269927
2023-12-12-17:42:57best 231491931 302167131 231522673 302135987 231532723 302125590 231542937 301342529 232048066 300147986
2023-12-12-17:43:07best
2023-12-12-17:43:07best
2023-12-12-17:43:07best
2023-12-12-17:43:07best
2023-12-12-17:43:07best
2023-12-12-17:43:07best
2023-12-12-17:43:07best
2023-12-12-17:43:07best
2023-12-12-17:43:07best
2023-12-12-17:43:07best
2023-12-12-17:43:07best
2023-12-12-17:43:07best
2023-12-12-17:43:07best
2023-12-12-17:43:07best
2023-12-12-17:43:07best
2023-12-12-17:43:07best
2023-12-12-17:43:07best
2023-12-12-17:43:07best
2023-12-12-17:43:07best 229224402 304433069 229327167 304339847 229388876 304309360 229409521 304267719 229399194 304257665
2023-12-12-17:43:55best 232397695 301280731 232387727 301270141 232408230 300259937 233397103 300270290 233417839 300249857
2023-12-12-17:44:04best 232161436 300683370 232985618 300724245 232944341 300714009 232635256 301074840 232583672 297881084
2023-12-12-17:44:52best 232542709 304846257 226535790 307133461 225525984 308163843 225505337 308215613 224753248
2023-12-12-17:45:02best
2023-12-12-17:45:02best
2023-12-12-17:45:02best
2023-12-12-17:45:02best
2023-12-12-17:45:02best
2023-12-12-17:45:02best
2023-12-12-17:45:02best
2023-12-12-17:45:02best
2023-12-12-17:45:02best
2023-12-12-17:45:02best
2023-12-12-17:45:02best
2023-12-12-17:45:02best
2023-12-12-17:45:02best
2023-12-12-17:45:02best
2023-12-12-17:45:02best
2023-12-12-17:45:02best
2023-12-12-17:45:02best
2023-12-12-17:45:02best
2023-12-12-17:45:02best 300270820 233397395 309976706 223815457 308863850 224804200 308863702 224814591 308874263 224824908
2023-12-12-17:45:44best 308843546 224824966 308832791 224855703 308801854 224876699 308781555 224876302 308317821
2023-12-12-17:46:00best 303444498 230224314 303455203 230203615 303609800 230090399 303588824 230069743 303609179 230069581
2023-12-12-17:46:35best 225546783 308122657 225567240 308122693 225814222 307844190 225814448 307844205 225834743 307823452
2023-12-12-17:46:56best 225855533 307823706 225845398 307844224 225494935
2023-12-12-17:47:23best 308163761 225505505 308163582
2023-12-12-17:47:32best 225484096 305978655 226277573 306864724 225865319 306493644 225494547 307637796 225948056 307719860
2023-12-12-17:47:42best 226040507 307627333 225195946 308461837 224350865 308832595 224865948
2023-12-12-17:48:22best 222207654 133510458 182158557 222588817 272891089 260773868 272963135 260711840 272994271 260650323
2023-12-12-17:48:31best 308163626 223877467 309822801 223856685 309812282 223866788 309853383 223846477 309863755 223887457
2023-12-12-17:49:16best 223959648 309739780 223928682 309760653 223908276 309760767 223980303 272325180 259198202 273654526
2023-12-12-17:49:35best
2023-12-12-17:49:35best
2023-12-12-17:49:35best
2023-12-12-17:49:35best
2023-12-12-17:49:35best
2023-12-12-17:49:35best
2023-12-12-17:49:35best
2023-12-12-17:49:35best
2023-12-12-17:49:35best
2023-12-12-17:49:35best
2023-12-12-17:49:35best
2023-12-12-17:49:35best
2023-12-12-17:49:35best 260681026 273014813 260660759 273056010 260588384 273056213 260681222 272963563 260681238 272963275
2023-12-12-17:50:14best 260681179 272952931 260712010 272942598 260701626 272654197 258867681
2023-12-12-17:50:31best 259589691 274056135 259589679 272562129 260867211 272489994 260094337 273551141 260084106 273561586
2023-12-12-17:50:54best 260094511 273571772 260063542 272881512 260578725
2023-12-12-17:51:21best 273066756 260568502 273077356 260578778
2023-12-12-17:51:28best 259702522 272952910 260310192 273334287 261845503 271798794 261124248 271995018 261670352 271974213
2023-12-12-17:51:45best
2023-12-12-17:51:45best
2023-12-12-17:51:45best
2023-12-12-17:51:45best
2023-12-12-17:51:45best
2023-12-12-17:51:45best
2023-12-12-17:51:45best
2023-12-12-17:51:45best
2023-12-12-17:51:45best
2023-12-12-17:51:45best 303382758 230296596 303362067 230306657 303382882 230275796 303444762 230224334 303485615 230234375
2023-12-12-17:52:21best 271634745 262010924 271140108 262505608 271140011 262515730 271150290 261969595 270274578 260290199
2023-12-12-17:53:16best 261660059 271994632 261680519 271963809 262917662 270758889 262876240 270758585 262896738 270542337
2023-12-12-17:54:09best 263412369 270253936 263391992 270275135 263371386 270274680 263371026 269811147 263824720 269264983
2023-12-12-17:55:00best 262453911 270840928 262793564 270335783 263309061 267894451 260980326 269305623 264328817 269315843
2023-12-12-17:55:33best 133531408 200818587 287711124 533643643 133510735 133510665 133448796 133520998 137199382 133562319
2023-12-12-17:55:38best 269316005 533631889 133531134 201467316 289513671 244164439 289523661 133582642 133541433 133448557
2023-12-12-17:55:46best 133448867 133469397 133428168 133500387 133510606 133490055 133459231 133490301 133541800 133582787
2023-12-12-17:55:55best 133510303 133500089 133469215 133541373 133489794 133572261 133479598 133572457 363453836 170278972
2023-12-12-17:56:15best 262299299 271346140 263031514 269986711 263319754 270326425 263412410 270244024 263402242 270233398
2023-12-12-17:56:56best 261670287 272005116 261639514 271994837 261649483 272004968 261659891 271994680 261670323 271994527
