2023-12-12-19:20:30best: 133407299 133582565 133510606 133592691 133541490 133510375 133448513 133644432 133582457 133634128
2023-12-12-19:20:30best: 133541602 133654956 133593025 133510558 133469492 133500476 133541834 133520989 133592984 133479690
2023-12-12-19:21:19best: 133428208 133541645 133428162 133417944 133520887 133510553 133531276 133520936 133582826 133500402
2023-12-12-19:21:19best: 133561914 133561757 133499954 133438256 133592849 133520684 133530943 133613586 133561916 133489922
2023-12-12-19:21:47best: 133459080 133551859 133469481 133551810 133592943 133479637 133459145 133510608 133541622 133448963
2023-12-12-19:21:47best: 133428066 133500190 133592777 133592884 133664974 133531178 133500246 133613356 133551608 133438224
2023-12-12-19:22:12best: 133613678 133603396 133572509 133479840 133510588 133747654 133417915 133531298 133541469 133603269
2023-12-12-19:22:12best: 133562144 133562261 133448887 133603442 133593144 133469477 133418051 204074165 133634433 133541576
2023-12-12-19:22:43best: 133541238 133510413 133561845 133675155 133561899 133633898 133500005 133489755 133603078 133613269
2023-12-12-19:22:44best: 133448557 133531069 133469218 133438216 133531010 133458882 133489905 200477889 133592784 133582474
2023-12-12-19:23:10best: 133479501 526624803 133520669 133479501 133541201 240795017 133510289 133561844 133531006 133479464
2023-12-12-19:23:13best: 133459135 133788871 133613747 133665268 133510712 133572423 133624062 133572477 133603450 133603492
2023-12-12-19:23:42best: 133623688 133541403 133520700 133520608 391974106 141872445 133458874 133489703 533631356 133510380
2023-12-12-19:23:50best: 225834366 307822616 225865231 307791910 225865064 307812552 225865151 307812676 225844422 307812163
2023-12-12-19:24:25best: 133778482 133696031 133541452 133819776 133840294 133634259 133572568 133520948 133417883 133510698
2023-12-12-19:24:45best: 237817785 133417902 133551876 133582686 133510618 533622222 133603420 133520999 133562207 133448852
2023-12-12-19:24:53best: 142563009 133520905 133510613 533550032 133500341 226257368 306556095 226896116 301373346 224207005
2023-12-12-19:25:24best: 133592781 133582565 133582605 133551879 133613412 133603134 133561924 133654668 133479610 133510433
2023-12-12-19:25:41best: 133520844 133541335 133603084 133541381 133603259 133561907 133664845 133685465 133654598 133510325
2023-12-12-19:25:51best: 225752042 306854451 226782659 306916252 225494571 306370397 223186804 189906667 341702295 190875277
2023-12-12-19:26:08best: 225824887 307833955 225845114 307834178 225835050 191596831 342104775 191555635 342124879 190288363
2023-12-12-19:26:44best: 343196842 190463577 343196909 190504774 343145511 190453259 341939707 191370136
2023-12-12-19:27:03best: 342320660 191349504 342444590
2023-12-12-19:27:23best: 191215714 341630346 187166607
2023-12-12-19:27:30best: 133603088 133479488 133633920 133592979 133541284 133489796 133520713 393859519 133469293 133520625
2023-12-12-19:27:38best: 133592661 133561842 133603230 133500047 133973926 1335788947 133675276 133623594 133633895 133561878
2023-12-12-19:28:05best: 133582778 133479721 133531173 1334967599 133634333 133510676 133603457 133510782 133418132 227328961
2023-12-12-19:28:35best: 343124961 190545902 340064560 189453768 342835997 190834341 342846415 189598029 343011276 190649202
2023-12-12-19:29:04best: 341971134 191030501 342640889 189526211 341949927
2023-12-12-19:29:33best: 190813494 342845946 190628016 343031458 190638315 343041488 190638265 343030833 190669079 342258620
2023-12-12-19:29:34best: 342268611 191400862 342269085 191421492 342259004 191400997 342309854 191359435 342299456 191359658
2023-12-12-19:30:32best: 307267006 224855952 308812623 223197272 308163395 225525666 308142712 225525841 307164351 224938730
2023-12-12-19:30:32best: 191710102 340899018 192771686 340899117 192761396 340920148 192761413 340919930 192750865 341012182
2023-12-12-19:31:31best: 192730268 340270608 193369090 338818373 193359103 340311936 193368999 340301241 193296955 338930845
2023-12-12-19:31:31best: 191184593 339549216 191184618 340198030 192441572 339857565 193677694 340032668 193636479 340053611
2023-12-12-19:32:30best: 193626483 340043364 193646787 338785959 194883195 338806686 194862533 338806656 194862627 338797091
2023-12-12-19:32:30best: 194893730 338806643 194862610 338796354 194862777
2023-12-12-19:32:57best: 1262034486 338806834 194872853 338817223 193492292
2023-12-12-19:33:27best: 340188011 193090909 336427966 193802045 337591557 194399320 337436920 193750534 339034017 191648371
2023-12-12-19:33:48best: 341538025 192163510 341496976 192194499 341465605 191638185 342021974 191648709 342011816
2023-12-12-19:34:26best: 191555586 342125270 191607069 342073660 191617511 342083769
2023-12-12-19:34:43best: 340177643 191833614 340805537 192853418 340826184 191689638 341980318 191709661 341970000 191606840
2023-12-12-19:35:00best: 340352320 193317173 340372564 192039562 341619387 191699566 341630021 192039470 341619483
2023-12-12-19:35:41best: 191555332 342124574 191545000 342124476 190967990 342721892
2023-12-12-19:35:55best: 191607130 341712792 191947128 341713224 191957377 341723201 191957444 341259580 189443601 341980996
2023-12-12-19:36:16best: 191699771 341280458 192389969
2023-12-12-19:36:31best:
2023-12-12-19:36:31best:
2023-12-12-19:36:31best:
2023-12-12-19:36:31best:
2023-12-12-19:36:31best:
2023-12-12-19:36:31best:
2023-12-12-19:36:31best:
2023-12-12-19:36:31best:
2023-12-12-19:36:31best:
2023-12-12-19:36:31best:
2023-12-12-19:36:31best:
2023-12-12-19:36:31best:
2023-12-12-19:36:31best:
2023-12-12-19:36:31best:
2023-12-12-19:36:31best:
2023-12-12-19:36:31best:
2023-12-12-19:36:31best:
2023-12-12-19:36:31best:
2023-12-12-19:36:31best:
2023-12-12-19:36:31best:
2023-12-12-19:36:31best:
2023-12-12-19:36:31best:
2023-12-12-19:36:31best:
2023-12-12-19:36:31best:
2023-12-12-19:36:31best:
2023-12-12-19:36:31best:
2023-12-12-19:36:31best:
2023-12-12-19:36:31best:
2023-12-12-19:36:31best:
2023-12-12-19:36:31best:
2023-12-12-19:36:31best:
2023-12-12-19:36:31best:
2023-12-12-19:36:31best:
2023-12-12-19:36:31best:
2023-12-12-19:36:31best:
2023-12-12-19:36:31best:
2023-12-12-19:36:31best:
2023-12-12-19:36:31best:
2023-12-12-19:36:31best:
2023-12-12-19:36:31best:
2023-12-12-19:36:31best:
2023-12-12-19:36:31best:
2023-12-12-19:36:31best:
2023-12-12-19:36:31best:
2023-12-12-19:36:31best:
2023-12-12-19:36:31best:
2023-12-12-19:36:31best:
2023-12-12-19:36:31best:
2023-12-12-19:36:31best:
2023-12-12-19:36:31best:
2023-12-12-19:36:31best:
2023-12-12-19:36:31best:
2023-12-12-19:36:31best:
2023-12-12-19:36:31best:
2023-12-12-19:36:31best:
2023-12-12-19:36:31best:
2023-12-12-19:36:31best:
2023-12-12-19:36:31best:
2023-12-12-19:36:31best:
2023-12-12-19:36:31best:
2023-12-12-19:36:31best:
2023-12-12-19:36:31best:
2023-12-12-19:36:31best:
2023-12-12-19:36:31best:
2023-12-12-19:36:31best:
2023-12-12-19:36:31best:
2023-12-12-19:36:31best:
2023-12-12-19:36:31best:
2023-12-12-19:36:31best:
2023-12-12-19:36:31best:
2023-12-12-19:36:31best:
2023-12-12-19:36:31best:
2023-12-12-19:36:31best:
2023-12-12-19:36:31best:
2023-12-12-19:36:31best:
2023-12-12-19:36:31best:
2023-12-12-19:36:31best:
2023-12-12-19:36:31best:
2023-12-12-19:36:31best:
2023-12-12-19:36:31best:
2023-12-12-19:36:31best:
2023-12-12-19:36:31best:
2023-12-12-19:36:31best:
2023-12-12-19:36:31best:
2023-12-12-19:36:31best:
2023-12-12-19:36:31best:
2023-12-12-19:36:31best:
2023-12-12-19:36:31best:
2023-12-12-19:36:31best:
2023-12-12-19:36:31best:
2023-12-12-19:36:31best:
2023-12-12-19:36:31best:
2023-12-12-19:36:31best:
2023-12-12-19:36:31best:
2023-12-12-19:36:31best:
2023-12-12-19:36:31best:
2023-12-12-19:36:31best:
2023-12-12-19:36:31best:
2023-12-12-19:36:31best:
2023-12-12-19:36:31best:
2023-12-12-19:36:31best:
2023-12-12-19:36:31best:
2023-12-12-19:36:31best:
2023-12-12-19:36:31best:
2023-12-12-19:36:31best:
2023-12-12-19:36:31best:
2023-12-12-19:36:31best:
2023-12-12-19:36:31best:
2023-12-12-19:36:31best:
2023-12-12-19:36:31best:
2023-12-12-19:36:31best:
2023-12-12-19:36:31best:
2023-12-12-19:36:31best:
2023-12-12-19:36:31best:
2023-12-12-19:36:31best:
2023-12-12-19:36:31best:
2023-12-12-19:36:31best:
2023-12-12-19:36:31best:
2023-12-12-19:36:31best:
2023-12-12-19:36:31best:
2023-12-12-19:36:31best:
2023-12-12-19:36:31best:
2023-12-12-19:36:31best:
2023-12-12-19:36:31best:
2023-12-12-19:36:31best:
2023-12-12-19:36:31best:
2023-12-12-19:36:31best:
2023-12-12-19:36:31best:
2023-12-12-19:36:31best:
2023-12-12-19:36:31best:
2023-12-12-19:36:31best:
2023-12-12-19:36:31best:
2023-12-12-19:36:31best:
2023-12-12-19:36:31best:
2023-12-12-19:36:31best:
2023-12-12-19:36:31best:
2023-12-12-19:36:31best: 342216810 191452154 342237984 191431697 342289213 191379985 342289234 191369712 342309909 191400729
2023-12-12-19:36:53best: 190947296 342742587 190937048 342732465 190947242 342732037 190936950 342742371 190936916 342721948
2023-12-12-19:37:51best: 341280022 189752535 339033951 189907036 343763111 189896767 343773773 189927717 343742562 189917253
2023-12-12-19:38:47best: 343382263 188938635 344721882 189237455 344453987 189206499 344474530 188763443 349512853 182550490
2023-12-12-19:39:42best: 182549998 351119725 182550033 349955219 183559806 350110039 182735627 350923691 182735491 350934147
2023-12-12-19:40:27best: 183220182 349008364 183343915 350450563 183220043 350543189 182900716 350398951 179686108 349008033
2023-12-12-19:40:54best: 183168248 350573438 183106438 533631798 133489812 186990921 346669360 187011784 346761265 186918901
2023-12-12-19:41:27best: 183374693 133448724 186878041 345484959 186826649 346112826 187558003 346143709 187527220 346143784
2023-12-12-19:41:52best: 342711799 190339349 343319519 190370136 342989982 190009770 344669356 189010349 344648887 189463700
2023-12-12-19:42:26best: 187537264 133459267 289472381 244185593 289514252 244175246 289482868 244175004 288761735 244906898
2023-12-12-19:42:49best: 287133617 242217132 288627084 245040012 288637405 533621979 133582580 133541355 169907893 133551732
2023-12-12-19:43:20best: 182571055 351110132 182550643 351120227 182560675 351109996 181169971 352511329 181159523 350450851
2023-12-12-19:44:09best: 211997236 288071184 245596597 288060419 533631724 133458983 400238131 133417709 133530995 206031619
2023-12-12-19:44:30best: 133510701 400218453 133438576 133500250 213244222 320445732 533634025 133479749 133984755 133603546
2023-12-12-19:44:38best: 182694283 350996260 182684014 350975685 182704641 350995987 182683922 350532183 183199076 350459886
2023-12-12-19:45:09best: 300592025 133685802 133500341 133541675 133654848 133541690 133572598 133758012 133541691 1335308294
2023-12-12-19:45:09best: 300592025 133685802 133500341 133541675 133654848 133541690 133572598 133758012 133541691 1335308294