2024-02-28-14:47:12best 32171749 32377849 32295458
2024-02-28-14:47:14best 16619065 49354780
2024-02-28-14:47:14best 16619065 49354780 32264589 32285157 32171749 32377849 32295458 13651169 40512875 31976042 32367585 32079026 32439708 13774815
2024-02-28-14:47:21best 35865158 35659107 35504493 35690011 35689998 33995884 34263756 33872182 34160722 13771751 4597 4597 4597 4597 4597 4597 4597 4597 4597 4597 4597 4597 4597 4597 4597 4597 4597 4597 4597 4597 4597 5541
2024-02-28-14:47:26best 133466515 133445739 12071060
2024-02-28-14:47:28best 28534053 28575200 29750040 28245462 29121428 28678339 27925956 29512972 28966803 28874113 4597 4597 4597 4597 4597 4597 4597 4597 4597 4597 4597 4597 4597 4597 4597 4597 4597 4597 4597 4597 6629
2024-02-28-14:47:33best 27276743 49179667 28358831 28781304 28606175 28853468 28884380 28791627 28987426 28668001 4597 4597 4597 4597 4597 4597 4597 4597 4597 4597 4597 4597 7683
2024-02-28-14:47:34best 34129745 34171001 33892803 34026773 33604241 34346145 33913337 34067994 33934006 33161096 4597 4597 4597 8465
2024-02-28-14:47:35best 33872159 34078221 34047299 34119490 33789765 33820592 33892780 34160719 33645492 33861855 4597 4597 4597 4597 8941
2024-02-28-14:47:37best 28987405 28956488 29121343 28853427 28925566 28647314 29987052 27905337 29028651 29193506 4597 4597 4597 9451
2024-02-28-14:47:39best 33614506 34016424 33841177 34026761 33810287 34150422 34171065 34129809 33944285 33861888 4597 4597 4597 9927
2024-02-28-14:47:39best 133435552 133445768 278906879 4597 4597 4597 4719 4597 4617
2024-02-28-14:47:40best 33439364 34253428 34469866 34315258 33696946 34243141 33934026 33727935 33954576 33841246 4597 4597 4597 10403
2024-02-28-14:47:41best 33944281 34088542 33975200 33944296 34150415 33975197 33810384 34335874 34171057 33593900 4597 4597 4597 4597 10879
2024-02-28-14:47:43best 29111127 28729825 28492840 29214042 29203840 28915270 28801943 28884389 28822595 33418743 4597 4597 4597 4597 11389
2024-02-28-14:47:44best 34129801 34274028 33593955 33861890 33964891 33913365 34407997 33882520 34171053 33985509 4597 4597 4597 11899
2024-02-28-14:47:45best 33779446 34253400 34201909 34016512 34160729 34057596 34191550 33872156 33923700 34191634 4597 4597 4597 12375
2024-02-28-14:47:46best 28801949 29059564 28802007 29100777 29193496 28688560 29152183 28935925 28770990 28812275 4597 4597 4597 4597 12851
2024-02-28-14:47:47best 34397737 33923673 34253400 33635151 33511459 34397716 34119437 33872169 33903044 34171017
2024-02-28-14:47:49best 34078312 33975170 34449257 33542422 34129769 34408031 34098892 34232837 33810348 33985502 4597 4597 4597 4597 13361 4823
2024-02-28-14:47:50best 34129765 33892756 39925474 33995838 34088593 34706764 33645475 33717594 34263705 33841242 4597 4597 4597 14245
2024-02-28-14:47:51best 28997649 28668070 29337775 28657694 29049235 28904954 28884381 29286238 28771013 86524099 4597 4597 4597 4597 14721
2024-02-28-14:47:52best 33851534 33800013 34150412 33707252 34335923 33985457 34325569 33954608 34037029 33913296 4597 4597 4597 15231
2024-02-28-14:47:53best 34037028 33851575 33903032 34191583 33789739 33573341 34820179 33820609 34026713 34026749 4597 4597 4597 15707
2024-02-28-14:47:55best 28884500 29306800 29183221 29183213 28884417 28688571 28966799 29080109 28956509 28812258 4597 4597 4597 4597 16183
2024-02-28-14:47:56best 35597235 35947617 36153706 34933654 35349877 35906350 35720870 35648732 35772431 35586978
2024-02-28-14:47:58best 35586969 35710520 35689961 35999073 35370572 36236153 35525121 35628151 35504450 35731239 4597 4597 16693 4823
2024-02-28-14:47:59best 35648711 35793027 35349933 36030069 35525117 35689965 35844570 35999138 35669418 35545711
2024-02-28-14:48:00best 35504474 35617859 35720885 35896049 35679664 35741535 35731304 35823941 35638438 35854917 4597 4597 4597 4597 4597 17509 4823
2024-02-28-14:48:01best 133456013 133445712 133435447 4597 4597 4597 5025
2024-02-28-14:48:02best 35741513 35988827 35360160 35226348 35762100 35659072 36205223 36885381 35277732 35710533 4597 4597 4597 4597 18427
2024-02-28-14:48:03best 28647305 29059529 28750444 29090520 29492288 29275890 29203749 28905063 29306880 28760730 4597 4597 4597 4597 18937
2024-02-28-14:48:04best 33532149 34067963 34006107 33944254 34428654 33975186 34222587 33501209 33645466 33408395 4597 4597 4597 19447
2024-02-28-14:48:05best 33315614 34129706 33913329 34243099 33490903 34119484 33758787 34521381 33655739 33995811 4597 4597 4597 4597 19923
2024-02-28-14:48:07best 133445703 400247659 545714991
2024-02-28-14:48:07best 28791619 28812287 29296485 28760716 28647306 29265659 28482429 29471755 28626743 28853557 4597 4597 4597 4597 20433
2024-02-28-14:48:08best 34809933 33583630 34098830 34480147 33964872 33903059 34129740 33583623 34552212 33748499
2024-02-28-14:48:09best 35803343 35215882 35628111 36071203 35257227 36256687 35792980 35803352 35762065 34583184 4597 4597 4597 4597 4597 4597 4823 20950
2024-02-28-14:48:11best 28832868 29007976 28853491 28667957 29379034 28843141 29172875 50581080 28029057 28997589 4597 4597 4597 4597 21902
2024-02-28-14:48:12best 33903087 34387409 33779417 33985542 34109190 33758794 34243136 33882422 34109189 33449639 4597 4597 4597 22412
2024-02-28-14:48:14best 34047341 34026730 34119454 33913326 33913389 33903084 34243149 33944279 33954576 33748498 4597 4597 4597 4597 22888
2024-02-28-14:48:15best 28966850 29038937 28698857 28760704 28832875 35999149 75280974 28740151 29008015 28606111 4597 4597 4597 4597 23398
2024-02-28-14:48:16best 33769115 34212241 34088599 34016412 34078297 34232875 34037034 33964912 33707356 34160704 4597 4597 4597 4597 23908
2024-02-28-14:48:18best 33985506 34037106 34160724 33758794 34243060 33769101 33738178 33501242 33748514 34366819 4597 4597 4597 24418
2024-02-28-14:48:19best 35689930 35504489 35885783 35813660 35628168 35834245 35782717 35854888 35823931 35566310
2024-02-28-14:48:20best 35720844 35793079 36122797 35700282 36009418 35947673 35844557 35823990 35885814 35854884 4597 4597 24894 4823
2024-02-28-14:48:22best 35978543 35597262 35236544 35937277 35741556 35566270 36030069 35535441 36060960 40760238
2024-02-28-14:48:24best 32893157 34768653 34315288 33851534 33954568 33325964 35016003 58186503 34026787 33995872 4597 4597 25710 4823
2024-02-28-14:48:25best 33769074 34078240 33841218 33563050 34830497 57372458 34727546 34201910 34799618 34140119
2024-02-28-14:48:27best 35669395 61226685 36050609 36153753 35586927 35978586 35762141 36019788 35968240 35586946 4597 4597 4597 4597 4597 26526 4823
2024-02-28-14:48:29best 35545664 36019731 35638451 62071580 35380934 36493748 36483458 35865119 35514777 35823950
2024-02-28-14:48:30best 28966809 28874153 115945941 29141955 47304051 28822528 28977102 28884411 28966815 28595856 4597 4597 4597 4597 27444 4823
2024-02-28-14:48:31best 133435555 133445838 133445794 4597 4597 4597 4597 5365 5263
2024-02-28-14:48:32best 29317212 85390546 28729810 29543914 27915610 28977138 28946247 86864101 29193546 29038964 4597 4597 4597 4597 28328
2024-02-28-14:48:33best 34232861 34181262 33810312 33944301 34078232 33995846 33696920 102311906 33975184 33511429
2024-02-28-14:48:35best 33769070 101971880 33841215 33892792 33903039 34274027 33995832 33975216 34263713 33418800 4597 4597 4597 4597 4597 4823 5877
2024-02-28-14:48:36best 29121418 29317164 27307650 30409551 28832831 28863775 86060365 28884399 28822554 28987397 4597 4597 4597 4597 6795
2024-02-28-14:48:38best 34232830 34140082 33501171 34098833 33810338 33913329 34562557 33490860 33964871 33861889 4597 4597 4597 4597 7305
2024-02-28-14:48:39best 35411751 35916606 35411759 35741522 35885797 35617838 35679665 35792961 35504467 36122770 4597 4597 4597 4597 7815
2024-02-28-14:48:40best 29018351 28904962 28781283 28966793 32212980 60587605 28781296 28400005 29749998 28884397 4597 4597 4597 8325
2024-02-28-14:48:41best 70746681 34232810 34263682 33851587 33985482 33903030 33810358 35170587 33047705 34459528
2024-02-28-14:48:44best 34078243 33779406 34201888 102177957 34026706 33944285 33985478 34160720 33851584 33707301
2024-02-28-14:48:46best 39317458 96736797 33861900 34098871 34140094 34057559 33975170 34026737 33563034 34614110 4597 4597 8801 4823 4823
2024-02-28-14:48:48best 35463280 44552561 92491009 36133069 35648741 35772414 35885762 35865213 35751858 35823959 4597 4597 4597 4597 9991
2024-02-28-14:48:49best 28832841 28977111 37905681 28678272 29080112 29183153 28482525 29543861 114997858 29069832 4597 4597 4597 10501
2024-02-28-14:48:50best 34274062 43037661 87997888 34686219 58670832 34160713 33264088 33933975 34346128 33789731
2024-02-28-14:48:53best 35927017 35638444 35906407 35999083 35844574 36246424 35741549 36133005 107299824 35926987
2024-02-28-14:48:55best 33985493 33841218 136350558 33800028 34562610 33563023 33892744 34170998 33758793 33727875 4597 4597 4597 10977 4823 4823
2024-02-28-14:48:56best 34067941 33758780 34016439 33810358 33552661 34449246 34531620 135825083 33944307 33676321 4597 4597 4597 4597 4597 12201
2024-02-28-14:48:58best 133435484 133435511 133445771 400236507 4597 4597 4597 4789
2024-02-28-14:48:58best 29110995 28678311 28935852 29183215 28750404 28822573 29100786 29008009 28843150 29100828 4597 4597 4597 12745
2024-02-28-14:48:59best 36535022 35215914 35689910 35494121 35556048 35968172 35494152 35916670 35576602 35067519
2024-02-28-14:49:04best 68728940 33356901 34408014 34129712 33820565 34531666 34109171 34397701 34057605 33800065 4597 4597 4597 4597 4597 4597 4823 13221
2024-02-28-14:49:15best 33964902 33418732 34387422 33933990 136309490 33913329 33717600 33923676 34098854 34057617
2024-02-28-14:49:18best 34572925 34037049 34428636 135897230 33387814 35191146 33140544 33995864 34201906 34356545 4597 4597 4597 14173 4823
2024-02-28-14:49:19best 133435496 800460706 1079354872
2024-02-28-14:49:23best 48262484 86750846 49189931 34098904 61102877 38328173 68182666 33398163 34696493 33933970
2024-02-28-14:49:32best 33861843 34552225 34346195 33820662 33995852 34727505 34542059 34171011 34057639 215213811 4597 4597 4597 4597 15023 4823
2024-02-28-14:49:41best 49179558 66843047 29317157 115214258 41801041 74446254 40966282 29368753 51931122 31955329
2024-02-28-14:49:50best 33830942 34037029 101621550 34047326 34356530 136010682 33841205 55558619 34335886 34263700 4597 4597 4597 4597 15907 4823
2024-02-28-14:49:55best 34315266 339059653 34500792 33748477 33872154 33769066 34171002 34995420 34500819 34129743
2024-02-28-14:50:02best 49200156 66533790 48891110 66770767 49468114 66595711 48777665 66997508 49529940 67203608 4597 4597 4597 4597 16791 4823
2024-02-28-14:50:07best 61329677 81082860 35679647 142323520 51457147 91254288 51374591 35988809 63761697 40152184
2024-02-28-14:50:16best 34449238 36318595 35731239 35556033 35720874 36143371 35978529 35762056 356476718 35628137 4597 4597 4597 4597 4597 17675 4823
2024-02-28-14:50:21best 78290042 57238442 78372576 57341499 78248862 57599059 78475670 57403303 78753940 57042656 4597 4597 4597 18593
2024-02-28-14:50:28best 47984188 67286146 48283118 67801293 28987405 115502646 48757130 66647051 49292999 66420391 4597 4597 4597 19069
2024-02-28-14:50:32best 60628875 82535808 60680371 82133945 60443317 80619246 60773137 81969040 60165071 81495020
2024-02-28-14:50:34best 133435444 133445721 133445605 4597 4597 4597 4597 5163 5061
2024-02-28-14:50:42best 79897892 56414000 79846356 56269694 79155889 56362572 79753593 56166742 79444290 34006154 4597 4597 4597 4597 4597 4959 4823
2024-02-28-14:50:50best 79722522 56135731 79959650 55682329 79712398 56568565 79320791 56362560 79939015 55991468
2024-02-28-14:50:56best 48025412 67533355 48046004 67615951 48046003 66812103 48180061 67172800 48066681 68553724 4597 4597 4597 4597 4823 5877
2024-02-28-14:51:02best 83576882 59392274 83308976 59072723 83360520 58928511 83329423 59320144 83422170 35895989
2024-02-28-14:51:07best 34037030 34212261 33748548 39513237 96602790 34006142 34170988 33913329 33964855 339192965 4597 4597 6761 4823
2024-02-28-14:51:12best 79969983 55558615 79712366 56146128 79650458 56218242 79722538 56537674 79403184 56475789 4597 4597 4597 7577
2024-02-28-14:51:18best 83453191 59309700 83515056 59155269 83844707 59113995 83556103 59021278 83525249 59206741
2024-02-28-14:51:24best 135742485 58124582 77888255 57547605 78485919 57609413 77929421 57496015 78032539 57454814 4597 4597 4597 4597 4823 8053
2024-02-28-14:51:29best 67214029 48066743 66781250 47809041 67533516 47087692 67275916 48581964 67203739 48252171
2024-02-28-14:51:36best 79217670 56702563 78980661 56331589 80124583 56084289 79042541 56589212 79588621 56238750 4597 4597 4597 4823 4597 8937
2024-02-28-14:51:43best 83473746 59320134 83855093 59278956 83968368 59732403 83710963 59114077 84576511 59505601
2024-02-28-14:51:49best 56754044 79547427 55826552 79176467 56496499 79516546 56949896 79454684 56393416 79866904 4597 4597 4597 4597 4823 4597 9821
2024-02-28-14:51:55best 34047295 33903030 34088561 33995837 34067945 37215156 71148543 339479664 102157301 33841214
2024-02-28-14:51:56best 133435437 133435627 133435621 400236200 4597 4597 4597 4789
2024-02-28-14:52:02best 67523142 48076942 67863248 48128450 67358282 48963210 66956314 47943091 67203733 47706056 4597 4597 4597 4597 10739 4823
2024-02-28-14:52:10best 56424329 79619595 56795345 79444349 56341880 79568031 56517145 79310454 56135694 80062667
2024-02-28-14:52:17best 83360437 59433509 83422299 58959471 83195487 59216982 83473750 59103677 83463448 59351047 4597 4597 4597 4823 4597 11623
2024-02-28-14:52:24best 56022442 79897845 56053401 79691683 56506865 79310456 56290428 79712338 56620069 78815842 4597 4597 4597 12507
2024-02-28-14:52:33best 68316625 47427778 67698407 48540654 67111110 48386080 67420100 48004910 67337682 48252193
2024-02-28-14:52:38best 35607624 35648727 35638425 35947660 357077885 36091869 35077850 35679690 35432331 140994181 4597 4597 4597 4823 4597 12983
2024-02-28-14:52:45best 56599523 79320737 56682002 79042464 56630382 79361989 56455278 80155490 56197560 79207364 4597 4597 4597 5843
2024-02-28-14:52:49best 56238846 79846271 56661312 79361869 56362512 79671189 56434661 78599377 56857115 79640187
2024-02-28-14:52:59best 67852918 47438070 67801399 48015123 67296485 47881199 67811595 47561737 67574674 47829617 4597 4597 4597 4597 4823 4597 6319
2024-02-28-14:53:05best 59010906 83556146 58938800 84050866 59021229 83803503 59062429 83628318 58650215 83721014 4597 4597 4597 7237
2024-02-28-14:53:12best 133435511 133435564 133435547 4597 4597 4597 5061
2024-02-28-14:53:12best 78784867 56434656 80217176 55682350 79207368 56486162 79763887 56238858 79691756 56517056 4597 4597 4597 7713
2024-02-28-14:53:22best 56084254 79959723 57001357 79599010 57052946 78857121 55898727 79969885 56207857 79392936 4597 4597 4597 8189
2024-02-28-14:53:29best 48056356 68017708 48664440 67657082 47520536 68089989 48087380 68512343 47994541 67038760 4597 4597 4597 8665
2024-02-28-14:53:37best 56022442 80217258 56249143 79351615 56228583 79320762 56877764 79939008 55950372 79454707 4597 4597 4597 9141
2024-02-28-14:53:45best 83432566 59227238 83422291 58588414 84875326 57939179 82999806 58619357 83669641 57372418 4597 4597 4597 9617
2024-02-28-14:53:51best 56094575 79732872 56372864 79392872 56352136 79805033 56125409 79908180 56197632 78578829
2024-02-28-14:53:57best 67749848 47592550 68120962 47664716 67945679 47695678 68038397 47572030 67605575 47623496 4597 4597 4597 4597 4823 10093
2024-02-28-14:54:00best 133435593 133435415 400215952 800450593
2024-02-28-14:54:02best 36091913 35422000 35710544 142725408 35535404 36040309 35741514 35741492 356943615 35617844
2024-02-28-14:54:11best 79320827 56043034 79949446 55888506 79619568 56630379 79207419 55692557 80155398 56331573 4597 4597 4597 4597 4597 10977 4823
2024-02-28-14:54:22best 79423794 56012187 79650589 56331596 79866875 55960579 79630031 56455298 79939014 55939975 4597 4597 4597 11895
2024-02-28-14:54:28best 66987235 47891595 68378469 47644215 67791158 47345380 67914798 47973888 67956073 47510193
2024-02-28-14:54:36best 83432515 58835841 83772630 59237678 83906667 58732686 83968484 58928456 83752148 58877025 4597 4597 4597 4823 4597 12371
2024-02-28-14:54:43best 56084256 79691760 55970859 79732889 55558639 80413084 56104944 79681463 56228611 79712422 4597 4597 4597 5367
2024-02-28-14:54:51best 79887562 55816363 80351342 55496864 79722623 56094587 80237842 55311320 80299670 56053380 4597 4597 4597 5843
2024-02-28-14:54:55best 133435538 133466444 1467432876 2013202917 4597 4597 4597 4857 4597 4721
2024-02-28-14:54:55best 133435538 133466444 1467432876 2013202917 4597 4597 4597 4857 4597 4721
2024-02-28-14:54:57best 67368631 47479220 68151780 47953305 67348052 48118158 67770507 47747158 67852932 48437641
2024-02-28-14:55:03best 58794586 84360183 58938766 83597433 59268623 83164645 58784209 84370288 58609032 83628301 4597 4597 4597 4823 4597 6319
2024-02-28-14:55:15best 55878153 79918457 56352174 79681507 56300765 80042161 56331579 79784470 55507186 80722346 4597 4597 4597 7203
2024-02-28-14:55:27best 102621145 34047300 33449614 34511066 34150446 34232866 101786366 33769106 364245961 33903069
2024-02-28-14:55:36best 79506235 56022413 79681524 56073977 79516540 56372844 79990592 56177030 79805054 55960640 4597 4597 4597 4597 7679 4823
2024-02-28-14:55:47best 67615900 47901761 68028192 47489624 67430475 47675094 67770529 47036163 67585022 47438128 4597 4597 4597 8563
2024-02-28-14:55:55best 83659186 58629624 83885874 58804833 84246705 59134645 84246728 58804904 84329154 58815202
2024-02-28-14:56:01best 79774176 55847224 79258915 55651458 80402774 56259427 79763788 55486547 80083396 55836932 4597 4597 4597 4597 4823 9039