2024-02-28-14:26:19best 32305726 32553057 32419114
2024-02-28-14:26:21best 8487197 18836663 39441146 39338079 39616280 32223297 32305726 97244256 32553057 32419114
2024-02-28-14:26:26best 27225246 27874539 27132503 27359272 27328247 27039736 27163469 27204647 27379828 5694489 4597 4597 4597 4597 4597 4597 4597 4597 4597 4597 4597 4597 4597 4597 4597 5253
2024-02-28-14:26:30best 27050012 27173704 27111923 27287120 27575636 27317982 27153162 27348887 27245836 27080982 4597 4597 4597 4597 4597 4597 4597 4597 4597 4597 4597 4597 4597 4597 6180
2024-02-28-14:26:35best 26977910 27142810 27276799 27225240 26679119 27812634 27008885 27163421 26988217 26565777 4597 4597 4597 4597 4597 4597 4597 4597 4597 4597 4597 4597 4597 4597 4597 4597 7030
2024-02-28-14:26:40best 26277141 26761489 27008854 26813097 27029471 26833648 27081048 27101583 27379839 27287090 4597 4597 4597 4597 4597 4597 4597 4597 4597 4597 4597 4597 4597 4597 7948
2024-02-28-14:26:44best 26813042 27256118 27039730 27338578 27214935 27297418 27256147 26947010 27431391 27173696 4597 4597 4597 4597 4597 4597 4597 4597 4597 4597 4597 4597 4597 4597 4597 8798
2024-02-28-14:26:49best 27204618 26833655 27122180 27287104 27173733 27245838 27214983 27266446 27122176 26854361 4597 4597 4597 4597 4597 4597 4597 4597 4597 4597 4597 4597 4597 4597 4597 9682
2024-02-28-14:26:54best 31883273 32295462 32027534 7095987 15423623 32439682 31975995 32058477 32295456 32130608 4597 4597 4597 4597 4597 10566
2024-02-28-14:27:00best 33604237 33830916 33655732 33903103 33748548 33686636 7384556 15238178 32439736 32480964
2024-02-28-14:27:06best 31708073 32491264 31924521 31986323 32285096 32336652 32336692 31903904 32429425 31141273 4597 4597 4597 4597 11411 4995
2024-02-28-14:27:11best 32120285 32419112 32212978 32192430 31615301 32831247 32161469 32254169 32274807 31141228
2024-02-28-14:27:17best 32037812 32326324 32398484 31893507 31965650 31955357 32058436 32058424 32408814 32305769 4597 4597 12467 4823
2024-02-28-14:27:20best 31883182 32243919 31553548 32491242 32223272 32573655 32274842 32316075 31976023 32295446
2024-02-28-14:27:21best 32140851 32079089 31903867 32388149 32233601 32346967 32171794 32522145 32192423 31996614
2024-02-28-14:27:22best 32367634 32089333 32326311 31842066 32419130 32213009 32449975 32109906 32120299 32161510
2024-02-28-14:27:23best 32089332 32192405 32604597 32429457 32584086 32264565 32140868 31903883 32017196 32171756 13283 4823 4823 4823
2024-02-28-14:27:24best 33521726 33738161 33624775 34129728 33583611 33923692 33872151 33851563 33779437 33336209
2024-02-28-14:27:25best 33573311 34057563 33707289 33789710 33624815 33748461 33665995 33975160 33913350 33861921
2024-02-28-14:27:26best 33820643 33686640 33872150 33758770 33799970 33975181 33573389 33779386 33800013 33851580
2024-02-28-14:27:27best 33666041 33851590 33964842 33532098 33975109 33707265 33903033 33851587 33696927 33830862 6455 4823 4823 4823
2024-02-28-14:27:28best 33593924 33738183 33727908 33944247 33820562 33944306 33810336 33892754 33810301 33903072
2024-02-28-14:27:29best 33624876 34284357 33800027 33903069 34129810 33851602 33975174 33975176 33954602 33830972
2024-02-28-14:27:30best 39523533 39235000 39399816 39451373 39059776 38647649 39059869 39204051 39451332 39214422
2024-02-28-14:27:32best 39368919 39379245 38286828 39399810 39894464 39224598 39152547 39523543 39544118 39338028 4597 7951 4823 4823 4823
2024-02-28-14:27:38best 39317364 39224640 39235026 38905294 39296794 39358677 39987304 39234997 39348323 39358635
2024-02-28-14:27:39best 39173072 38802150 39585307 39523478 39502869 39327693 39327727 39502962 39028829 39739887 4597 4597 4597 4597 9481 4823
2024-02-28-14:27:41best 27091328 27462191 27740464 49921633 27008824 27554952 27122124 108608597 27245815 27534364 4597 4597 4597 4597 4597 10365
2024-02-28-14:27:42best 32810679 32511842 31738970 32305717 32470628 32553092 31769849 33057996 31821451 32006898 4597 4597 4597 4597 4597 10909
2024-02-28-14:27:43best 32872483 33882471 33655736 33449644 33418777 33820580 33253863 33882396 33676349 32583937 4597 4597 4597 11453
2024-02-28-14:27:45best 27585881 27410626 27472632 27307671 27050032 27524058 27668320 27493142 27544683 27616781 4597 4597 4597 11929
2024-02-28-14:27:46best 38822724 38637205 40059467 39502905 38915488 39028794 39595621 39162845 39265908 38894858 4597 4597 4597 12405
2024-02-28-14:27:47best 32089374 32233601 32089281 32285126 32264546 32584006 32202706 42192671 32151146 31749291 4597 4597 4597 4597 12881
2024-02-28-14:27:48best 26957300 26988161 27276850 27080876 27060296 27750771 27173715 27214970 27111905 27524095 4597 4597 4597 13391
2024-02-28-14:27:49best 33563018 33985419 33789672 32748792 34593506 34016392 33604197 33861827 34037044 33356997
2024-02-28-14:27:50best 39276215 39265891 39471949 39636867 39070144 39626520 39471955 39307107 39533733 39080437 4597 4597 4597 4597 4597 4823 13867
2024-02-28-14:27:52best 27915594 26710024 26823352 27493035 26967661 27194349 35150011 59505565 27060363 27792008 4597 4597 4597 4597 14785
2024-02-28-14:27:53best 32068719 32460301 32161465 31677112 31914107 32419119 32707702 31646267 32573653 32408790 4597 4597 4597 4597 15295
2024-02-28-14:27:54best 33717593 33676319 33975107 33954614 33820565 34006132 33666071 34912938 33233191 33429041 4597 4597 4597 15805
2024-02-28-14:27:56best 27080992 27008866 36813291 71900836 27276758 27111868 27029444 27039704 27554993 27173701 4597 4597 4597 4597 16281
2024-02-28-14:27:57best 32109955 32264515 31728664 32151189 32501584 43171656 85184465 32120294 32161485 32099657 4597 4597 4597 16791
2024-02-28-14:27:58best 39080416 39513206 39492626 39018574 39296798 39750264 39100944 39544037 39461669 38183783
2024-02-28-14:28:00best 39152560 39214423 39966587 39368972 40141828 38894904 39368974 39368960 39616238 39204127
2024-02-28-14:28:02best 39224696 39451397 39502825 39204040 39822402 39482400 39626625 39173151 40090315 39059866 4597 4597 17267 4823 4823
2024-02-28-14:28:05best 27101527 27173690 27111863 27462252 27287108 27081021 108546805 27266475 27235571 27565266 4597 4597 4597 4597 4597 18457
2024-02-28-14:28:07best 39307101 39946006 39389504 39585348 39234973 40162464 39575037 39492631 39616243 39399851 4597 4597 4597 19001
2024-02-28-14:28:08best 32202647 32336662 31986342 32449994 31842054 32068753 97076843 32223295 32408799 31903938 4597 4597 4597 4597 4597 19477
2024-02-28-14:28:11best 27328258 27431341 27214980 27142840 27338567 27348894 27214969 27410703 27225256 27338593 4597 4597 4597 4597 20021
2024-02-28-14:28:12best 33676372 33758743 34047326 33800040 33645419 33913343 33903063 33635140 33964888 33666040 4597 4597 4597 20531
2024-02-28-14:28:14best 31563748 32491231 32511840 32058425 32161427 31625621 32944613 31893543 96108090 32089307 4597 4597 4597 4597 4597 21014
2024-02-28-14:28:18best 26957300 26843950 27132464 27606552 26483246 26988218 26916047 27039738 27627147 26266789 4597 4597 4597 4597 4597 21558
2024-02-28-14:28:18best 33872145 34047291 34243088 33717602 34109083 33810351 33923675 33975168 33995826 33882417
2024-02-28-14:28:20best 39307106 39296823 39729634 39245302 39987230 39327672 39544094 39585340 39389529 39296751 4597 4597 4597 4597 22102 4823
2024-02-28-14:28:22best 108587884 27359203 27307679 108732137 27132467 27297416 27111901 27379791 27524070 26823341
2024-02-28-14:28:23best 33738162 33820616 34026727 33655793 33995864 135196397 33717641 33851570 33923658 33573417 4597 4597 4597 22986 4823
2024-02-28-14:28:25best 27214953 26411096 28183589 27235506 27297387 27534332 108515836 27091268 27080971 26864575 4597 4597 4597 4597 23836
2024-02-28-14:28:26best 32027468 32759100 31563734 32233589 31945058 32017152 128415472 32274840 32233581 32285104
2024-02-28-14:28:28best 33645462 33882455 134753174 33820602 33738144 33470264 33501115 33964855 34160672 35016060 4597 4597 4823 24346
2024-02-28-14:28:29best 86482804 39121628 39265939 39636851 39131891 40523161 38503225 39533749 39544071 39286474
2024-02-28-14:28:32best 118367623 39327665 38905254 39131978 39204124 39451350 39008287 39379249 39162855 39471960
2024-02-28-14:28:35best 27081009 27575669 27204641 27276693 251283438 27194297 26947005 27524098 27235606 27183981 4597 4597 25162 4823 4823
2024-02-28-14:28:37best 32151149 32614838 31842014 32367551 32089315 32398469 32202700 128971956 39513279 88708936 4597 4597 4597 4597 4597 4597 26352
2024-02-28-14:28:39best 27060287 27379801 27369449 27451981 27338580 26988127 27276713 27183996 27184021 27163422 4597 4597 4597 4597 4597 26930
2024-02-28-14:28:41best 33346622 33851556 34593537 33243468 33769012 33903017 33799999 33614485 33985443 33882406 4597 4597 4597 27474
2024-02-28-14:28:42best 32635459 32326339 96355493 32068740 31945052 31821383 32779780 32213009 31687513 32315959
2024-02-28-14:28:43best 39121667 38451666 39781171 39513222 39204044 39729563 39544095 39317377 39605943 39090682 4597 4823 4597 27950
2024-02-28-14:28:46best 27462220 27091294 27307700 27111834 27977503 26431727 269460828 27214946 27163387 27235523
2024-02-28-14:28:48best 39389529 156864291 49004418 108072523 39420460 39430690 39492653 39265923 39430741 39214370 4597 4597 4597 28766 4823
2024-02-28-14:28:50best 27183977 27482844 27080901 27122209 27235536 27431351 27070690 27122162 108876432 27266459 4597 4597 4597 4597 4597 4597 29616
2024-02-28-14:28:51best 32079047 38029309 63576213 32254172 32027480 31718409 32779747 32151151 32398418 32037797 4597 4597 4597 4597 4597 30194
2024-02-28-14:28:53best 40368607 65936130 33820608 33676314 34902640 33212609 33861840 33552640 33552665 33738116
2024-02-28-14:28:54best 38709388 39420423 39245248 39152593 47056747 76651516 39327655 39389550 38544463 39935771 4597 4597 30738 4823
2024-02-28-14:28:57best 109206350 27214969 27359243 108588106 27379756 27070662 26823309 27503583 32594234 52879268 4597 4597 4597 31554
2024-02-28-14:28:59best 33635102 33892734 34923284 133434186 33933932 33758786 134258601 34593519 33758707 33841199 4597 4597 4597 32030
2024-02-28-14:29:03best 32171765 32717981 31903861 31502020 129353220 32625215 32151205 128446415 31625665 32130561 4597 4597 4597 32506
2024-02-28-14:29:05best 32326351 32223310 32326367 321127269 33006486 32573663 31800766 32480969 32357272 32645824
2024-02-28-14:29:07best 38461956 157513438 39049485 39183394 38874254 39441063 37946729 157802045 38905232 39121628 4597 4597 32982 4823
2024-02-28-14:29:11best 41605193 70530211 32182055 32212963 31862633 32687002 32511764 331748105 32491257 32130595
2024-02-28-14:29:13best 27111766 27400510 27369497 26854252 27235537 109463746 59588132 27256081 109298956 27513765 4597 4597 4597 4597 4597 4597 33798 13731
2024-02-28-14:29:14best 32882818 33676317 34036979 33892751 134670680 72106958 34541990 134578067 33944251 33295047
2024-02-28-14:29:17best 128910005 31388658 32686950 32078997 32388141 31842028 128765762 71570951 31697836 128116684
2024-02-28-14:29:19best 39348321 39451328 156709572 38719630 39873964 39554461 39471882 39533780 156534414 86822998 4597 4597 4597 4823 34750 4823
2024-02-28-14:29:23best 33830887 44676230 34047283 34655353 334404142 34799653 33573287 61947906 34129748 34160660
2024-02-28-14:29:25best 96530580 32182065 31872876 32171764 32419128 32089311 385341232 32449987 32182058 32481020 4597 4597 4597 4597 4597 35974 4823
2024-02-28-14:29:28best 81721856 26905740 26936723 27029410 27678628 27338571 108536359 27534380 27307671 108598159
2024-02-28-14:29:30best 33717600 101312272 33933991 33563051 34109105 33614501 33253814 134928355 33748463 33604195 4597 4597 4823 4597 5945
2024-02-28-14:29:32best 39348336 39441073 392093071 39750219 39647255 39368951 39307098 39595672 39472015 39420484
2024-02-28-14:29:38best 34067957 33779439 45902593 89522971 33830892 338303393 34006115 33830910 43614748 74095802 4597 4597 6795 4823
2024-02-28-14:29:43best 39399857 157080801 117893595 39173108 117759653 38863967 39317361 39410148 39636909 39709059
2024-02-28-14:29:49best 63112485 65967143 62834236 32109947 128425867 96334905 32161471 96314282 32728217 32460303 4597 4597 4597 4597 4823 7611
2024-02-28-14:29:55best 391740207 38894855 39368950 39245233 52374281 39946043 40358270 38544493 39080407 71828624
2024-02-28-14:30:02best 55435024 53209089 55136226 53301865 55301155 53085408 27400435 109371247 81691024 27462253 4597 4597 4597 4597 8495 4823
2024-02-28-14:30:08best 66152532 69172002 65812523 68749427 66337985 68986656 66224698 68790789 65998013 33727887
2024-02-28-14:30:13best 76682443 80505731 77053365 79969858 77207963 80423288 76929833 80196645 76496979 80114196 4597 4597 4597 4823 4597 9379
2024-02-28-14:30:21best 65225076 63029990 65348824 62782730 65791876 62947601 65719654 62885754 65719694 62927018 4597 4597 4597 10263
2024-02-28-14:30:27best 54796158 52961757 55950291 53260597 55414462 53487364 55198020 53075076 55651452 53363660
2024-02-28-14:30:32best 33016730 34284419 101508068 337913198 33789700 33861887 34047282 33717604 135227322 42079306 4597 4597 4597 4823 4597 10739
2024-02-28-14:30:40best 39533841 39286534 39296836 39760495 39389564 53054412 104218314 39513245 392288900 39801748
2024-02-28-14:30:49best 76795808 80567603 76960771 80433666 77445092 80753107 76991679 80309963 76909183 80237812 4597 4597 4597 4597 4597 11623 4823
2024-02-28-14:30:54best 65482825 63081621 66327716 62669333 65719752 62947661 65657863 63071306 65616675 63205191
2024-02-28-14:30:59best 55620485 53507918 55321709 53136936 54806446 53167844 55177452 52735060 55074380 52796916 4597 4597 4597 4823 12541
2024-02-28-14:31:03best 66183478 68996815 66276218 68986587 66554471 68883500 66430775 69182357 66131996 68996903
2024-02-28-14:31:10best 33923646 34016377 33367218 33738174 33830895 439382260 33727894 135052166 34088559 33676341 4597 4597 4597 4597 4823 13391
2024-02-28-14:31:15best 39502909 117594799 39255573 39131958 39904706 38864044 39214391 38822809 394497035 157513590
2024-02-28-14:31:23best 65523995 62741544 65791877 62968204 65544573 62927014 65678567 63174322 65245643 62545736 4597 4597 4597 4597 4597 14275 4823
2024-02-28-14:31:29best 55826576 53064802 55301129 53126658 55929704 53239869 55414395 53755181 55445348 53054480
2024-02-28-14:31:35best 65936148 68770194 66059841 68842250 66245369 68728978 66173157 68388848 66224571 68862876 4597 4597 4597 4597 4823 5401
2024-02-28-14:31:44best 76703004 80041989 76847282 80639748 77187447 80330614 76940069 80299623 76847321 80000661 4597 4597 4597 6285
2024-02-28-14:31:49best 65585746 62628175 65132346 63504125 65771285 62803399 65451825 63236209 65575423 63194922
2024-02-28-14:31:54best 54971218 53105986 55404061 53260561 55754520 52982358 55702997 53858306 55228949 53188493 4597 4597 4597 4823 4597 6761
2024-02-28-14:31:59best 38441413 117594626 39636872 39420481 39389579 157709298 39049513 394573697 39770839 39173115
2024-02-28-14:32:07best 66255576 68306370 66214400 69202866 66059794 68996839 66616305 68934950 66008315 68749486 4597 4597 4597 4597 4597 7645 4823
2024-02-28-14:32:13best 76651573 80351181 76795854 80887079 76352694 80505599 77001928 80557277 76651537 80526283
2024-02-28-14:32:21best 62875393 65997943 62174778 66822355 62803368 65379732 62906392 66399807 62648790 65791792 4597 4597 4597 4597 4823 8563
2024-02-28-14:32:27best 55908983 53178084 55558606 53260534 54682756 53559471 55641150 53291488 54950744 53775823 4597 4597 4597 9447
2024-02-28-14:32:31best 68687707 65987713 67348012 66791532 68801020 66286490 68739183 67018188 68275518 66234871